0 4
1 8
2 5
3 12
4 2
5 8
6 4
7 3
8 10
9 7
10 12
11 9
12 9
13 12
14 12
15 3
16 0
17 7
18 5
19 4
0 4.230000 8 3 10 9 14
1 4.780000 19 3 6 2 6
2 1.760000 0 0 17 15 9
3 2.460000 3 5 2 16 0
4 1.710000 11 3 4 7 12
5 2.040000 10 14 17 7 14
6 3.850000 13 13 7 7 14
7 4.310000 12 10 4 7 17
8 2.160000 0 15 2 8 0
9 1.670000 12 12 5 1 0
10 2.870000 4 17 13 18 6
11 1.230000 14 9 1 2 19
12 3.900000 13 13 13 4 13
13 4.850000 4 2 4 10 1
14 1.720000 19 15 3 2 18
15 3.800000 19 7 15 10 7
16 2.280000 17 1 0 5 4
17 4.520000 15 8 7 3 15
18 2.760000 8 9 19 14 6
19 2.600000 19 14 14 7 14
20 2.290000 16 14 11 17 7
21 4.140000 14 5 3 1 1
22 3.740000 8 19 17 15 10
23 2.410000 15 10 17 11 0
24 2.210000 2 4 1 18 4
25 3.790000 15 12 6 17 17
26 2.260000 10 2 19 9 17
27 1.340000 13 7 16 1 16
28 4.420000 16 6 12 16 2
29 1.880000 1 4 1 2 12
30 2.240000 18 13 13 17 0
31 3.610000 8 14 16 15 17
32 2.730000 15 11 11 19 1
33 2.480000 14 8 11 13 10
34 4.610000 9 5 4 14 13
35 2.290000 6 11 6 17 17
36 4.010000 6 15 17 11 13
37 4.700000 15 3 9 18 12
38 2.830000 6 3 17 6 3
39 2.310000 3 2 18 1 11
40 4.090000 14 6 14 2 13
41 3.110000 13 4 18 3 8
42 2.680000 16 15 13 12 7
43 4.510000 1 13 8 10 19
44 2.080000 18 14 3 15 14
45 4.450000 15 11 10 2 6
46 1.400000 4 1 8 3 3
47 3.460000 9 10 3 18 18
48 1.420000 19 14 7 7 12
49 1.080000 13 5 5 16 19
50 2.140000 10 13 9 11 5
51 3.200000 14 8 1 17 13
52 4.860000 15 16 3 6 5
53 3.100000 0 11 15 3 16
54 1.930000 2 8 19 5 14
55 4.570000 15 4 7 7 17
56 1.730000 0 8 7 17 11
57 2.770000 17 4 12 3 6
58 2.740000 19 12 15 14 13
59 2.910000 12 18 15 11 10
60 4.070000 0 16 0 3 1
61 3.240000 10 13 4 14 13
62 2.020000 1 19 6 8 8
63 2.600000 9 3 11 12 7
64 3.670000 12 6 16 10 15
65 4.560000 18 19 10 10 2
66 2.420000 16 17 10 10 16
67 2.380000 5 3 5 14 10
68 1.660000 15 15 7 1 0
69 2.640000 7 17 18 12 7
70 3.480000 9 4 15 15 15
71 2.800000 15 3 3 11 6
72 1.490000 19 12 2 6 5
73 2.470000 5 13 5 12 5
74 2.300000 6 17 1 4 11
75 4.760000 8 10 14 5 11
76 2.450000 17 18 13 12 2
77 2.110000 19 6 2 14 7
78 2.840000 16 10 18 12 6
79 1.300000 6 10 2 5 6
80 3.200000 3 7 15 7 6
81 4.710000 14 9 1 13 8
82 3.800000 15 16 7 10 10
83 2.210000 2 6 14 7 16
84 1.950000 19 12 18 17 17
85 4.760000 3 14 14 0 15
86 3.880000 18 9 9 12 5
87 3.270000 3 16 18 7 2
88 2.160000 12 16 6 5 8
89 3.130000 0 14 9 8 2
90 1.200000 6 10 19 8 12
91 2.680000 15 14 16 19 4
92 1.320000 2 6 5 16 14
93 2.800000 16 8 17 1 6
94 2.870000 6 3 8 8 14
95 1.520000 7 19 8 12 1
96 3.570000 4 17 18 3 10
97 2.850000 10 7 11 19 19
98 2.250000 6 12 13 8 4
99 4.840000 12 16 9 5 7
100 2.110000 19 5 16 5 5
101 2.800000 0 1 2 13 3
102 1.450000 14 8 13 12 5
103 4.310000 11 10 10 13 1
104 2.680000 18 1 6 7 11
105 1.450000 14 11 15 17 18
106 2.580000 18 6 2 1 13
107 2.270000 0 13 15 11 15
108 2.250000 10 17 12 13 12
109 4.220000 3 17 12 1 5
110 2.430000 10 7 13 11 19
111 2.270000 4 16 6 11 19
112 2.730000 10 11 10 0 15
113 2.500000 16 13 15 10 9
114 2.690000 2 15 2 18 10
115 4.040000 13 10 18 12 15
116 4.240000 18 8 6 1 8
117 2.940000 6 10 19 13 7
118 3.460000 1 5 7 8 18
119 1.270000 15 13 0 10 0
120 4.750000 18 11 8 18 7
121 4.090000 7 0 15 0 15
122 4.780000 3 6 4 7 9
123 3.190000 7 3 19 3 15
124 2.280000 2 3 13 2 13
125 2.500000 6 5 5 8 7
126 2.440000 1 11 7 6 15
127 2.260000 14 19 16 0 15
128 3.130000 17 7 4 12 0
129 3.390000 2 0 18 2 12
130 1.320000 10 6 0 14 3
131 2.990000 0 19 4 0 12
132 2.580000 17 7 2 1 5
133 1.930000 1 13 0 9 18
134 1.170000 6 8 11 19 13
135 3.870000 7 13 11 1 5
136 3.500000 19 10 19 5 0
137 2.850000 11 10 19 1 19
138 2.850000 9 2 11 11 1
139 4.460000 12 4 13 17 11
140 1.530000 18 7 10 12 16
141 2.310000 15 18 9 19 14
142 3.780000 19 14 15 3 7
143 2.890000 15 7 5 0 7
144 3.290000 2 3 2 11 6
145 3.750000 2 7 12 13 14
146 3.300000 11 1 17 4 8
147 3.560000 13 11 12 12 3
148 1.190000 7 8 2 10 16
149 1.340000 17 11 2 9 2
150 2.720000 6 1 14 2 9
151 1.190000 19 7 5 12 13
152 1.210000 6 9 11 13 17
153 4.390000 2 0 0 19 12
154 3.390000 7 2 1 8 17
155 1.110000 15 17 13 15 13
156 1.590000 17 19 6 10 14
157 2.490000 0 6 6 18 1
158 4.240000 19 3 1 4 5
159 2.240000 4 0 9 11 6
160 2.210000 5 4 18 19 12
161 3.020000 14 18 8 10 18
162 4.700000 16 16 19 6 8
163 2.310000 0 18 5 2 2
164 2.530000 13 4 8 15 3
165 2.280000 19 15 17 4 18
166 2.590000 4 15 14 19 19
167 4.360000 16 6 18 5 5
168 2.590000 7 10 0 8 14
169 1.290000 13 3 9 12 8
170 2.320000 14 2 0 2 0
171 2.910000 12 1 6 9 12
172 3.840000 11 17 17 16 14
173 2.770000 15 1 4 8 8
174 3.280000 17 17 18 9 17
175 4.800000 17 3 18 5 8
176 3.640000 5 14 10 6 7
177 2.200000 13 5 14 8 3
178 3.250000 18 2 0 14 16
179 3.170000 1 17 0 12 15
180 3.860000 3 18 2 4 15
181 1.430000 13 10 4 4 6
182 4.520000 17 19 4 0 2
183 3.490000 4 18 19 18 19
184 4.460000 17 7 18 17 4
185 2.940000 10 13 16 2 18
186 3.160000 17 5 3 10 19
187 3.970000 3 5 4 9 16
188 2.060000 6 6 12 6 13
189 2.050000 3 9 6 15 3
190 2.920000 10 9 4 12 14
191 1.720000 19 19 14 18 1
192 1.840000 15 4 0 0 2
193 2.780000 15 1 4 12 15
194 2.950000 9 1 6 7 19
195 1.090000 4 11 5 19 8
196 2.880000 12 16 18 2 11
197 4.950000 8 14 15 15 18
198 2.540000 12 13 5 13 15
199 1.460000 16 12 4 16 17
200 4.440000 0 5 18 9 15
201 1.950000 18 16 9 6 2
202 4.340000 9 4 13 18 5
203 2.410000 0 4 9 13 9
204 3.220000 15 6 9 5 7
205 1.800000 16 4 13 1 18
206 4.850000 6 19 13 3 9
207 1.850000 16 4 13 9 1
208 1.430000 19 3 3 19 6
209 3.160000 4 17 3 18 9
210 2.720000 4 19 4 6 18
211 2.070000 13 1 11 3 19
212 3.400000 0 0 14 15 5
213 1.890000 9 17 15 18 14
214 3.920000 10 9 19 4 14
215 2.120000 9 7 4 18 5
216 4.580000 18 7 6 6 2
217 2.790000 14 8 13 12 0
218 4.310000 17 11 8 13 19
219 3.750000 19 14 10 7 3
220 1.000000 9 13 13 8 11
221 2.990000 14 13 5 7 9
222 2.980000 16 11 3 18 5
223 4.100000 18 11 16 7 16
224 3.540000 12 16 2 5 7
225 2.200000 0 10 2 6 1
226 4.800000 19 13 2 6 9
227 1.480000 17 18 18 3 10
228 2.690000 16 19 5 14 5
229 1.840000 14 7 0 9 19
230 4.270000 11 3 12 11 6
231 2.060000 9 15 12 15 1
232 2.040000 12 15 7 10 18
233 4.140000 4 3 16 7 12
234 1.440000 6 18 15 0 12
235 4.200000 5 19 6 17 10
236 3.550000 6 2 8 7 14
237 1.120000 5 13 9 17 17
238 4.570000 13 0 12 7 19
239 3.350000 19 7 10 0 6
240 4.400000 18 9 19 17 4
241 3.040000 7 11 15 7 3
242 3.660000 8 19 16 3 15
243 2.350000 2 18 8 9 19
244 3.490000 16 1 15 4 8
245 1.570000 9 18 5 12 19
246 3.110000 10 2 15 1 8
247 4.200000 18 5 19 6 3
248 1.780000 1 7 18 9 18
249 4.850000 10 11 9 1 6
250 2.660000 11 5 2 17 1
251 4.990000 8 0 3 7 15
252 3.170000 14 11 15 3 15
253 2.580000 9 18 13 2 4
254 2.760000 8 12 19 16 19
255 4.920000 9 16 8 12 19
256 1.030000 10 2 13 16 9
257 2.950000 5 4 14 15 15
258 4.790000 4 16 14 6 5
259 3.440000 17 13 18 3 9
260 2.260000 19 2 16 3 17
261 2.380000 0 16 11 7 11
262 2.920000 7 0 11 15 3
263 2.190000 15 8 10 12 5
264 3.870000 7 17 9 17 19
265 2.660000 14 16 13 16 18
266 2.600000 9 11 1 11 9
267 2.410000 1 8 13 7 12
268 2.240000 18 14 12 15 7
269 2.610000 14 15 10 12 7
270 4.680000 18 1 8 17 12
271 4.460000 11 7 6 15 16
272 2.860000 4 9 8 13 15
273 4.460000 14 1 4 4 13
274 2.240000 6 6 8 9 18
275 2.880000 7 16 3 10 7
276 4.970000 14 13 12 10 14
277 4.450000 1 17 18 17 4
278 2.450000 12 7 2 0 12
279 2.340000 19 4 4 17 14
280 3.170000 10 11 2 8 13
281 4.510000 10 16 7 13 4
282 1.450000 4 2 0 19 5
283 2.040000 5 7 13 12 14
284 1.250000 18 4 9 7 1
285 4.300000 16 13 4 1 3
286 2.410000 19 0 6 12 19
287 2.640000 8 19 3 8 7
288 2.480000 15 4 8 0 18
289 2.910000 2 11 13 7 5
290 2.340000 19 11 6 2 7
291 1.450000 10 14 0 2 11
292 3.660000 16 8 3 6 12
293 2.500000 11 19 17 19 16
294 4.440000 18 12 7 16 11
295 4.370000 16 14 6 9 18
296 2.940000 11 9 7 18 7
297 3.520000 1 5 12 4 0
298 1.360000 15 12 3 0 9
299 1.260000 10 18 19 17 10
